70.7570076473        69.1035070642
1.59542208153        4.74271272385
76.871724958        89.3305709018
79.1800454865        4.41094017783
20.5878396349        28.8072470196
32.7029106575        46.0451913746
75.2013671894        83.2958264481
61.2450466568        23.821550021
61.2941837939        68.4429542869
8.74103250503        97.4363944079
84.8428091275        95.4746115165
77.8287901507        79.6542882935
26.8701731624        21.919363634
86.069600522        89.8961854934
50.615732394        56.1321627015
70.4914757244        26.8587586564
75.007849668        0.988772235468
41.1260303499        52.5913784331
29.1056420678        31.870499215
97.8493651664        31.8848977645
93.6892345722        46.1969438032
87.9020057957        34.2420056332
71.9960745151        20.9091550472
30.8015789865        67.3443709789
53.6233927738        16.7004162909
19.4981686471        77.1366367043
89.4530803021        71.1449446295
35.9807136343        90.2169300791
42.6500159712        68.0960758281
86.9139565164        5.27430644195
66.0151743503        97.0046467683
4.76444223557        35.9541277934
78.06120181        41.5462544141
33.814040929        55.1245378613
92.6143523854        86.9020424557
40.9418426975        28.0481867486
82.0125776948        77.8100942429
44.9700701702        69.0445971796
25.2785444929        64.5978879913
48.9272493657        65.9861585481
76.3773241132        2.75520610417
61.9205179424        56.6864218414
12.4116782548        27.8308962803
10.2084943024        46.1112484337
17.0867012778        50.7494116026
62.2594123791        95.0047704071
54.201044184        43.0849043367
48.3596430897        34.9666397291
53.2472959491        97.3529799891
58.7732877901        27.7878142752
63.0954869518        51.2162114446
11.1225232119        92.7811399932
35.5653746544        38.6273152761
34.5755988086        16.4873024697
85.7258559058        6.91827341323
28.489639637        93.8818538486
26.4953364952        24.6474065631
21.1144002293        6.42847104332
82.5567008356        4.84325948667
85.0796017672        19.4908757937
78.9562084723        50.8585122746
22.6297610109        74.2253176794
55.5578547294        15.8497008887
65.4185627875        75.7467377841
14.3228289694        19.7639229115
9.05255348318        19.1708476883
53.3860806307        76.6033119302
71.5264761537        3.77434653977
10.9940794407        13.5603433254
61.6020529397        64.4409806253
14.2573767273        89.4035767616
39.6233242128        28.2168940641
23.7454468697        92.8641110743
95.924595689        86.3065202
61.9124278084        41.4661249529
35.5437431294        15.2542508231
21.7169982583        35.6861424724
59.1322683202        34.3850795022
60.7738214959        74.3583134478
75.0423459106        43.2977131361
12.4664379775        33.2142586464
38.6887705993        53.7755639082
67.2489416867        79.1137313427
63.1743450924        88.3328809806
83.1116324732        84.9987376009
8.32631900069        92.0881561836
5.50137188954        27.3448560916
55.1003417748        74.3835255299
94.557365351        49.8027093909
10.4632329438        10.2670078915
5.15283947536        62.0478631966
62.7213924477        57.2839664807
2.45452808996        8.0740361805
55.694480894        98.4239315962
42.7383348973        19.2552187726
22.5806951158        48.8381423705
86.9120405297        49.9454757465
69.6894988153        23.5341295659
34.604306944        87.3968257609
74.5018202426        79.7295810352
